| Graph | V = 1250 | K = 3 |
| Start: (201, 1040) | End: (725, 361) |

| DFS | Average Time: 0.00011563301086425781 | Path Length: 64
[(201, 1040), (172, 1013), (146, 995), (152, 977), (177, 967), (195, 959), (202, 970), (203, 985), (221, 1005), (238, 978), (248, 956), (261, 932), (279, 898), (251, 886), (211, 909), (188, 912), (183, 876), (198, 841), (206, 794), (183, 746), (218, 732), (234, 711), (265, 661), (281, 653), (322, 633), (294, 602), (330, 583), (344, 554), (371, 567), (397, 553), (420, 580), (450, 611), (480, 606), (478, 636), (483, 640), (501, 664), (532, 668), (563, 648), (587, 620), (570, 608), (580, 583), (600, 558), (575, 538), (553, 530), (538, 483), (586, 471), (606, 458), (636, 487), (654, 496), (686, 509), (689, 478), (721, 489), (731, 475), (756, 467), (797, 448), (825, 416), (845, 422), (872, 430), (869, 403), (870, 380), (828, 364), (814, 362), (770, 368), (725, 361)]

| BFS | Average Time: 0.00016160011291503905 | Path Length: 50
[(201, 1040), (172, 1013), (185, 998), (203, 985), (221, 1005), (238, 978), (248, 956), (261, 932), (279, 898), (251, 886), (211, 909), (188, 912), (183, 876), (198, 841), (206, 794), (183, 746), (218, 732), (234, 711), (265, 661), (281, 653), (300, 627), (294, 602), (330, 583), (344, 554), (351, 526), (355, 495), (369, 462), (380, 458), (409, 471), (406, 513), (436, 521), (456, 550), (495, 552), (528, 563), (553, 530), (538, 483), (586, 471), (604, 468), (636, 487), (651, 497), (686, 509), (689, 478), (721, 489), (731, 475), (756, 467), (797, 448), (796, 408), (763, 390), (770, 368), (725, 361)]

| Best-First | Average Time: 0.001156759262084961 | Path Length: 50
[(201, 1040), (172, 1013), (185, 998), (203, 985), (221, 1005), (238, 978), (248, 956), (261, 932), (279, 898), (251, 886), (211, 909), (188, 912), (183, 876), (198, 841), (206, 794), (183, 746), (218, 732), (234, 711), (265, 661), (281, 653), (300, 627), (294, 602), (330, 583), (344, 554), (351, 526), (355, 495), (369, 462), (380, 458), (409, 471), (406, 513), (436, 521), (456, 550), (495, 552), (528, 563), (553, 530), (538, 483), (586, 471), (604, 468), (636, 487), (651, 497), (686, 509), (689, 478), (721, 489), (731, 475), (756, 467), (797, 448), (796, 408), (763, 390), (770, 368), (725, 361)]

| A* | Average Time: 0.001992034912109375 | Path Length: 50
[(201, 1040), (172, 1013), (185, 998), (203, 985), (221, 1005), (238, 978), (248, 956), (261, 932), (279, 898), (251, 886), (211, 909), (188, 912), (183, 876), (198, 841), (206, 794), (183, 746), (218, 732), (234, 711), (265, 661), (281, 653), (322, 633), (294, 602), (330, 583), (344, 554), (351, 526), (355, 495), (369, 462), (380, 458), (409, 471), (406, 513), (436, 521), (456, 550), (495, 552), (528, 563), (553, 530), (538, 483), (586, 471), (606, 458), (636, 487), (654, 496), (686, 509), (689, 478), (721, 489), (731, 475), (756, 467), (797, 448), (796, 408), (763, 390), (770, 368), (725, 361)]

| A (Manhattan) | Average Time: 0.0023329734802246095 | Path Length: 50
[(201, 1040), (172, 1013), (185, 998), (203, 985), (221, 1005), (238, 978), (248, 956), (261, 932), (279, 898), (251, 886), (211, 909), (188, 912), (183, 876), (198, 841), (206, 794), (183, 746), (218, 732), (234, 711), (265, 661), (281, 653), (322, 633), (294, 602), (330, 583), (344, 554), (351, 526), (355, 495), (369, 462), (380, 458), (409, 471), (406, 513), (436, 521), (456, 550), (495, 552), (528, 563), (553, 530), (538, 483), (586, 471), (606, 458), (636, 487), (654, 496), (686, 509), (689, 478), (721, 489), (731, 475), (756, 467), (797, 448), (796, 408), (763, 390), (770, 368), (725, 361)]

| A (10 * Euclidian) | Average Time: 0.0011937618255615234 | Path Length: 50
[(201, 1040), (172, 1013), (185, 998), (203, 985), (221, 1005), (238, 978), (248, 956), (261, 932), (279, 898), (251, 886), (211, 909), (188, 912), (183, 876), (198, 841), (206, 794), (183, 746), (218, 732), (234, 711), (265, 661), (281, 653), (322, 633), (294, 602), (330, 583), (344, 554), (351, 526), (355, 495), (369, 462), (380, 458), (409, 471), (406, 513), (436, 521), (456, 550), (495, 552), (528, 563), (553, 530), (538, 483), (586, 471), (606, 458), (636, 487), (654, 496), (686, 509), (689, 478), (721, 489), (731, 475), (756, 467), (797, 448), (796, 408), (763, 390), (770, 368), (725, 361)]

