| Graph | V = 1250 | K = 5 |
| Start: (363, 698) | End: (713, 477) |

| DFS | Average Time: 0.0010410308837890624 | Path Length: 74
[(363, 698), (402, 694), (416, 665), (430, 634), (472, 653), (489, 676), (481, 725), (434, 717), (412, 734), (429, 776), (384, 774), (366, 819), (320, 797), (327, 765), (301, 745), (268, 716), (291, 682), (296, 656), (302, 616), (294, 579), (335, 589), (341, 551), (342, 511), (354, 485), (369, 449), (408, 426), (442, 399), (489, 412), (514, 387), (548, 392), (538, 430), (557, 455), (559, 499), (584, 530), (619, 522), (620, 554), (598, 588), (586, 643), (611, 654), (593, 676), (588, 702), (551, 719), (572, 749), (617, 747), (650, 723), (694, 729), (725, 758), (747, 733), (774, 749), (808, 719), (785, 683), (827, 668), (848, 695), (855, 716), (882, 725), (897, 703), (917, 679), (885, 657), (906, 630), (910, 615), (898, 593), (916, 564), (908, 527), (879, 536), (862, 534), (844, 565), (820, 550), (801, 580), (790, 614), (764, 614), (742, 571), (724, 549), (734, 506), (713, 477)]

| BFS | Average Time: 0.00027194023132324217 | Path Length: 13
[(363, 698), (392, 677), (388, 649), (384, 613), (416, 582), (458, 550), (504, 563), (531, 540), (570, 533), (611, 520), (645, 506), (679, 501), (713, 477)]

| Best-First | Average Time: 0.0012598037719726562 | Path Length: 26
[(363, 698), (392, 677), (388, 649), (384, 613), (362, 583), (341, 551), (313, 531), (343, 507), (354, 485), (377, 454), (381, 421), (411, 422), (442, 399), (476, 408), (492, 388), (514, 387), (548, 392), (554, 408), (591, 410), (628, 416), (617, 450), (589, 469), (605, 504), (645, 506), (679, 501), (713, 477)]

| A* | Average Time: 0.0004187583923339844 | Path Length: 15
[(363, 698), (392, 677), (416, 665), (430, 634), (472, 653), (483, 633), (532, 632), (539, 588), (559, 582), (584, 581), (620, 554), (649, 546), (645, 506), (679, 501), (713, 477)]

| A (Manhattan) | Average Time: 0.00020794868469238282 | Path Length: 15
[(363, 698), (392, 677), (416, 665), (430, 634), (472, 653), (483, 633), (532, 632), (539, 588), (559, 582), (584, 581), (620, 554), (649, 546), (645, 506), (679, 501), (713, 477)]

| A (10 * Euclidian) | Average Time: 0.00020704269409179687 | Path Length: 15
[(363, 698), (392, 677), (416, 665), (430, 634), (472, 653), (483, 633), (532, 632), (539, 588), (559, 582), (598, 588), (620, 554), (649, 546), (645, 506), (679, 501), (713, 477)]

