| Graph | V = 1250 | K = 7 |
| Start: (463, 582) | End: (885, 762) |

| DFS | Average Time: 4.1103363037109376e-05 | Path Length: 34
[(463, 582), (478, 611), (506, 577), (541, 593), (574, 559), (613, 575), (651, 586), (618, 616), (596, 628), (603, 658), (580, 718), (585, 765), (581, 807), (624, 830), (656, 795), (628, 766), (627, 733), (656, 737), (685, 757), (740, 757), (790, 720), (739, 688), (678, 659), (742, 618), (790, 635), (837, 639), (854, 573), (909, 569), (936, 599), (919, 638), (947, 700), (929, 731), (882, 714), (885, 762)]

| BFS | Average Time: 0.00037946701049804685 | Path Length: 13
[(463, 582), (471, 597), (506, 577), (532, 600), (578, 588), (596, 576), (632, 589), (661, 610), (678, 659), (739, 688), (792, 715), (849, 720), (885, 762)]

| Best-First | Average Time: 0.004653072357177735 | Path Length: 26
[(463, 582), (494, 589), (522, 600), (541, 593), (574, 559), (596, 576), (632, 589), (651, 586), (651, 547), (664, 520), (701, 507), (719, 469), (739, 459), (779, 469), (789, 426), (827, 434), (859, 475), (887, 516), (901, 539), (909, 569), (913, 596), (923, 633), (915, 656), (918, 709), (882, 714), (885, 762)]

| A* | Average Time: 0.0004025936126708984 | Path Length: 13
[(463, 582), (494, 589), (522, 600), (532, 600), (578, 588), (600, 589), (618, 616), (661, 610), (678, 659), (739, 688), (792, 715), (849, 720), (885, 762)]

| A (Manhattan) | Average Time: 0.0004105091094970703 | Path Length: 15
[(463, 582), (494, 589), (522, 600), (532, 600), (578, 588), (600, 589), (618, 616), (646, 611), (664, 650), (678, 659), (739, 688), (790, 720), (820, 721), (836, 765), (885, 762)]

| A (10 * Euclidian) | Average Time: 0.00024700164794921875 | Path Length: 13
[(463, 582), (494, 589), (522, 600), (541, 593), (578, 588), (613, 575), (651, 586), (661, 610), (678, 659), (739, 688), (790, 720), (849, 720), (885, 762)]

