| Graph | V = 2500 | K = 7 |
| Start: (67, 503) | End: (1622, 2301) |

| DFS | Average Time: 0.0013436317443847657 | Path Length: 290
[(67, 503), (34, 554), (105, 580), (145, 624), (181, 557), (224, 507), (305, 544), (314, 441), (415, 451), (415, 502), (440, 572), (514, 537), (563, 595), (630, 563), (654, 492), (580, 458), (615, 380), (648, 336), (699, 331), (762, 369), (752, 438), (753, 508), (767, 548), (786, 608), (849, 579), (885, 648), (944, 628), (991, 600), (1058, 576), (1052, 510), (1000, 511), (1047, 437), (1099, 476), (1172, 443), (1221, 495), (1254, 569), (1172, 562), (1159, 631), (1127, 693), (1078, 753), (996, 731), (990, 772), (926, 750), (877, 750), (844, 793), (857, 862), (852, 935), (900, 1016), (835, 1045), (790, 1076), (733, 1024), (682, 992), (630, 981), (586, 1008), (652, 1050), (687, 1065), (699, 1086), (662, 1139), (589, 1143), (525, 1104), (489, 1077), (425, 1021), (422, 914), (490, 898), (465, 816), (484, 741), (432, 701), (390, 703), (326, 676), (247, 646), (238, 719), (227, 778), (290, 810), (323, 879), (237, 893), (241, 985), (312, 1009), (290, 1089), (285, 1158), (324, 1160), (369, 1129), (421, 1167), (430, 1234), (463, 1281), (558, 1226), (566, 1325), (522, 1427), (448, 1456), (413, 1479), (382, 1413), (330, 1368), (280, 1415), (214, 1399), (166, 1350), (219, 1306), (264, 1324), (309, 1290), (291, 1235), (255, 1194), (209, 1158), (157, 1167), (133, 1241), (81, 1266), (71, 1333), (18, 1341), (46, 1449), (48, 1556), (85, 1655), (125, 1710), (171, 1668), (234, 1694), (271, 1769), (290, 1843), (332, 1854), (378, 1888), (392, 1813), (363, 1790), (376, 1708), (403, 1631), (442, 1571), (481, 1639), (468, 1732), (521, 1803), (471, 1837), (460, 1903), (533, 1877), (588, 1847), (600, 1901), (597, 1918), (588, 1961), (549, 2031), (470, 2009), (410, 2068), (440, 2124), (441, 2204), (368, 2240), (398, 2324), (484, 2337), (545, 2350), (572, 2309), (529, 2270), (519, 2231), (564, 2167), (627, 2206), (672, 2184), (645, 2113), (688, 2101), (678, 2053), (721, 1990), (763, 1932), (802, 2009), (862, 1971), (899, 1912), (869, 1859), (888, 1792), (956, 1782), (991, 1740), (1047, 1758), (1070, 1793), (1154, 1760), (1118, 1685), (1202, 1665), (1251, 1710), (1290, 1759), (1229, 1828), (1246, 1881), (1298, 1871), (1302, 1915), (1368, 1962), (1436, 1929), (1435, 1882), (1426, 1843), (1411, 1775), (1421, 1728), (1409, 1674), (1477, 1707), (1484, 1731), (1524, 1789), (1555, 1840), (1610, 1863), (1565, 1952), (1551, 2042), (1584, 2081), (1632, 2025), (1637, 2009), (1660, 1950), (1699, 1910), (1736, 1963), (1771, 1980), (1788, 2049), (1828, 2083), (1883, 2087), (1966, 2076), (1997, 2012), (2054, 1996), (2116, 1962), (2050, 1925), (1958, 1919), (1898, 1888), (1859, 1916), (1830, 1833), (1870, 1779), (1937, 1808), (1938, 1744), (2004, 1745), (2053, 1723), (2103, 1755), (2143, 1710), (2088, 1640), (2005, 1638), (1938, 1651), (1869, 1680), (1853, 1663), (1836, 1591), (1806, 1548), (1753, 1576), (1688, 1585), (1609, 1599), (1539, 1578), (1472, 1579), (1457, 1493), (1377, 1487), (1371, 1412), (1362, 1346), (1423, 1320), (1471, 1304), (1523, 1264), (1570, 1268), (1597, 1246), (1647, 1300), (1608, 1345), (1643, 1391), (1664, 1386), (1717, 1390), (1781, 1434), (1891, 1413), (1997, 1410), (2055, 1362), (2113, 1383), (2104, 1439), (2075, 1452), (2099, 1499), (2139, 1522), (2189, 1478), (2243, 1445), (2282, 1478), (2268, 1527), (2292, 1575), (2254, 1607), (2286, 1646), (2334, 1685), (2391, 1657), (2342, 1615), (2360, 1566), (2416, 1522), (2442, 1603), (2458, 1641), (2461, 1698), (2434, 1737), (2450, 1797), (2457, 1856), (2449, 1917), (2390, 1932), (2340, 1965), (2290, 1988), (2265, 2036), (2326, 2071), (2356, 2132), (2397, 2183), (2463, 2186), (2461, 2230), (2487, 2259), (2420, 2323), (2349, 2282), (2269, 2286), (2202, 2285), (2152, 2269), (2132, 2337), (2059, 2348), (1985, 2371), (1966, 2343), (1959, 2287), (1921, 2229), (1884, 2179), (1830, 2204), (1783, 2246), (1740, 2163), (1690, 2233), (1657, 2309), (1622, 2301)]

| BFS | Average Time: 0.0018903732299804688 | Path Length: 43
[(67, 503), (79, 512), (127, 526), (169, 503), (224, 507), (302, 544), (359, 611), (440, 572), (514, 537), (571, 567), (655, 606), (676, 678), (723, 754), (770, 836), (827, 900), (852, 935), (900, 1016), (892, 1072), (900, 1116), (900, 1181), (960, 1225), (967, 1273), (974, 1335), (1050, 1376), (1077, 1436), (1068, 1462), (1065, 1539), (1107, 1589), (1177, 1623), (1203, 1644), (1251, 1710), (1290, 1759), (1289, 1798), (1324, 1850), (1375, 1869), (1430, 1894), (1447, 1943), (1445, 2017), (1477, 2045), (1500, 2104), (1558, 2161), (1589, 2242), (1622, 2301)]

| Best-First | Average Time: 0.008747529983520509 | Path Length: 94
[(67, 503), (92, 552), (77, 607), (99, 635), (74, 686), (99, 726), (117, 742), (147, 767), (188, 735), (238, 719), (282, 658), (349, 679), (359, 611), (411, 572), (448, 570), (514, 537), (571, 567), (630, 563), (680, 523), (722, 509), (763, 495), (790, 522), (770, 580), (791, 643), (839, 686), (885, 648), (942, 658), (999, 668), (1032, 713), (989, 755), (947, 791), (964, 814), (1009, 838), (1040, 871), (1082, 903), (1126, 937), (1165, 974), (1198, 1012), (1267, 1007), (1302, 984), (1305, 941), (1353, 946), (1402, 974), (1373, 1023), (1364, 1055), (1388, 1099), (1355, 1133), (1348, 1157), (1376, 1212), (1383, 1251), (1393, 1308), (1369, 1361), (1348, 1376), (1366, 1431), (1377, 1487), (1329, 1495), (1336, 1564), (1381, 1607), (1417, 1600), (1472, 1579), (1539, 1578), (1586, 1618), (1646, 1646), (1712, 1652), (1736, 1619), (1753, 1576), (1804, 1564), (1836, 1591), (1883, 1624), (1938, 1627), (1992, 1645), (2046, 1629), (2044, 1684), (2035, 1729), (2004, 1745), (1990, 1795), (1942, 1797), (1907, 1842), (1884, 1849), (1830, 1833), (1797, 1787), (1734, 1807), (1737, 1870), (1739, 1913), (1736, 1963), (1771, 1980), (1781, 2030), (1765, 2088), (1724, 2127), (1709, 2127), (1651, 2151), (1591, 2175), (1589, 2242), (1622, 2301)]

| A* | Average Time: 0.00468597412109375 | Path Length: 47
[(67, 503), (79, 512), (127, 526), (169, 503), (224, 507), (302, 544), (359, 611), (349, 679), (390, 703), (425, 746), (465, 816), (507, 833), (573, 845), (581, 856), (563, 918), (630, 981), (654, 991), (685, 998), (733, 1024), (769, 1014), (814, 1064), (833, 1122), (851, 1154), (906, 1217), (957, 1245), (967, 1273), (974, 1335), (1050, 1376), (1077, 1436), (1068, 1462), (1065, 1539), (1107, 1589), (1168, 1669), (1200, 1699), (1251, 1710), (1290, 1759), (1289, 1798), (1324, 1850), (1376, 1879), (1400, 1929), (1423, 1974), (1445, 2017), (1477, 2045), (1500, 2104), (1558, 2161), (1589, 2242), (1622, 2301)]

| A (Manhattan) | Average Time: 0.0012656688690185548 | Path Length: 49
[(67, 503), (97, 554), (105, 580), (145, 624), (183, 683), (202, 735), (205, 797), (212, 828), (237, 893), (241, 985), (312, 1009), (382, 1039), (373, 1134), (421, 1167), (430, 1234), (463, 1281), (489, 1321), (495, 1420), (522, 1427), (596, 1419), (595, 1510), (607, 1576), (637, 1586), (635, 1638), (640, 1681), (630, 1709), (600, 1746), (634, 1804), (678, 1809), (723, 1858), (770, 1940), (802, 2009), (819, 2061), (805, 2132), (858, 2144), (882, 2182), (937, 2247), (1007, 2300), (1068, 2246), (1110, 2224), (1165, 2273), (1240, 2302), (1340, 2288), (1410, 2284), (1447, 2299), (1495, 2308), (1543, 2299), (1589, 2345), (1622, 2301)]

| A (10 * Euclidian) | Average Time: 0.0010754585266113282 | Path Length: 57
[(67, 503), (97, 554), (105, 580), (145, 624), (183, 683), (238, 719), (227, 778), (290, 810), (323, 879), (389, 882), (422, 914), (490, 898), (563, 918), (630, 981), (682, 992), (700, 1021), (687, 1065), (699, 1086), (662, 1139), (684, 1206), (735, 1238), (755, 1262), (762, 1322), (780, 1369), (762, 1404), (720, 1444), (716, 1474), (658, 1491), (595, 1510), (607, 1576), (637, 1586), (635, 1638), (640, 1681), (630, 1709), (600, 1746), (634, 1804), (678, 1809), (723, 1858), (770, 1940), (802, 2009), (843, 2045), (895, 1992), (973, 1991), (1040, 1991), (1049, 2056), (1124, 2072), (1168, 2101), (1181, 2143), (1222, 2091), (1242, 2011), (1357, 2006), (1402, 2079), (1454, 2106), (1500, 2104), (1558, 2161), (1589, 2242), (1622, 2301)]

