| Graph | V = 2500 | K = 3 |
| Start: (746, 2409) | End: (1373, 2056) |

| DFS | Average Time: 0.00020208358764648438 | Path Length: 53
[(746, 2409), (735, 2367), (769, 2356), (752, 2318), (773, 2273), (735, 2232), (748, 2159), (808, 2139), (843, 2119), (885, 2117), (871, 2084), (897, 2083), (939, 2085), (965, 2052), (976, 2010), (996, 1973), (1005, 1960), (1030, 1932), (1007, 1884), (1016, 1839), (1049, 1829), (1065, 1833), (1091, 1869), (1131, 1872), (1120, 1920), (1121, 1950), (1091, 1967), (1096, 2014), (1108, 2047), (1101, 2081), (1133, 2103), (1123, 2154), (1120, 2175), (1127, 2204), (1100, 2231), (1165, 2241), (1151, 2291), (1119, 2332), (1170, 2340), (1205, 2335), (1235, 2344), (1278, 2305), (1318, 2293), (1362, 2280), (1367, 2274), (1366, 2224), (1343, 2180), (1352, 2146), (1387, 2169), (1433, 2172), (1428, 2101), (1396, 2083), (1373, 2056)]

| BFS | Average Time: 0.00016765594482421876 | Path Length: 35
[(746, 2409), (735, 2367), (769, 2356), (752, 2318), (773, 2273), (735, 2232), (748, 2159), (808, 2139), (843, 2119), (885, 2117), (907, 2130), (920, 2156), (962, 2133), (989, 2170), (1055, 2169), (1120, 2175), (1127, 2204), (1100, 2231), (1165, 2241), (1151, 2291), (1194, 2296), (1205, 2335), (1235, 2344), (1278, 2305), (1318, 2293), (1362, 2280), (1367, 2274), (1366, 2224), (1343, 2180), (1352, 2146), (1387, 2169), (1433, 2172), (1428, 2101), (1396, 2083), (1373, 2056)]

| Best-First | Average Time: 0.0017897605895996094 | Path Length: 50
[(746, 2409), (735, 2367), (769, 2356), (752, 2318), (773, 2273), (735, 2232), (748, 2159), (808, 2139), (843, 2119), (885, 2117), (871, 2084), (897, 2083), (939, 2085), (965, 2052), (976, 2033), (996, 1973), (1005, 1960), (1030, 1932), (1063, 1898), (1100, 1920), (1121, 1950), (1091, 1967), (1096, 2014), (1108, 2047), (1101, 2081), (1133, 2103), (1123, 2154), (1120, 2175), (1127, 2204), (1100, 2231), (1165, 2241), (1151, 2291), (1194, 2296), (1205, 2335), (1235, 2344), (1278, 2305), (1318, 2293), (1341, 2328), (1381, 2339), (1388, 2302), (1367, 2274), (1366, 2224), (1343, 2180), (1352, 2146), (1387, 2169), (1433, 2172), (1428, 2101), (1412, 2096), (1381, 2100), (1373, 2056)]

| A* | Average Time: 0.0012546062469482421 | Path Length: 35
[(746, 2409), (735, 2367), (769, 2356), (752, 2318), (773, 2273), (735, 2232), (748, 2159), (808, 2139), (843, 2119), (885, 2117), (907, 2130), (920, 2156), (962, 2133), (989, 2170), (1055, 2169), (1120, 2175), (1127, 2204), (1100, 2231), (1165, 2241), (1151, 2291), (1194, 2296), (1205, 2335), (1235, 2344), (1278, 2305), (1318, 2293), (1362, 2280), (1367, 2274), (1366, 2224), (1343, 2180), (1352, 2146), (1387, 2169), (1433, 2172), (1428, 2101), (1396, 2083), (1373, 2056)]

| A (Manhattan) | Average Time: 0.0011635303497314453 | Path Length: 37
[(746, 2409), (735, 2367), (769, 2356), (752, 2318), (773, 2273), (735, 2232), (748, 2159), (808, 2139), (843, 2119), (885, 2117), (871, 2084), (897, 2083), (939, 2085), (952, 2099), (962, 2133), (989, 2170), (1055, 2169), (1120, 2175), (1127, 2204), (1100, 2231), (1165, 2241), (1151, 2291), (1194, 2296), (1205, 2335), (1235, 2344), (1278, 2305), (1318, 2293), (1362, 2280), (1367, 2274), (1366, 2224), (1343, 2180), (1352, 2146), (1387, 2169), (1433, 2172), (1428, 2101), (1396, 2083), (1373, 2056)]

| A (10 * Euclidian) | Average Time: 0.0004986286163330078 | Path Length: 35
[(746, 2409), (735, 2367), (769, 2356), (752, 2318), (773, 2273), (735, 2232), (748, 2159), (808, 2139), (843, 2119), (885, 2117), (907, 2130), (920, 2156), (962, 2133), (989, 2170), (1055, 2169), (1120, 2175), (1127, 2204), (1100, 2231), (1165, 2241), (1151, 2291), (1194, 2296), (1205, 2335), (1235, 2344), (1278, 2305), (1318, 2293), (1362, 2280), (1367, 2274), (1366, 2224), (1343, 2180), (1352, 2146), (1387, 2169), (1433, 2172), (1428, 2101), (1396, 2083), (1373, 2056)]

