| Graph | V = 2500 | K = 5 |
| Start: (2122, 76) | End: (590, 1732) |

| DFS | Average Time: 0.001238393783569336 | Path Length: 377
[(2122, 76), (2151, 137), (2130, 178), (2122, 182), (2078, 158), (2044, 141), (1989, 159), (1966, 95), (1927, 38), (1857, 35), (1792, 55), (1746, 107), (1767, 164), (1811, 144), (1864, 155), (1879, 215), (1835, 249), (1882, 290), (1921, 310), (1974, 260), (2027, 238), (2092, 267), (2140, 319), (2192, 278), (2244, 308), (2280, 303), (2298, 337), (2305, 394), (2315, 455), (2308, 509), (2254, 543), (2229, 602), (2186, 645), (2131, 671), (2079, 639), (2080, 576), (2143, 540), (2184, 495), (2185, 443), (2176, 402), (2120, 385), (2053, 353), (1983, 362), (1929, 391), (1889, 434), (1889, 506), (1869, 535), (1895, 590), (1900, 632), (1871, 692), (1934, 707), (1994, 737), (2006, 765), (2022, 829), (2030, 894), (2083, 901), (2124, 935), (2140, 985), (2127, 1029), (2125, 1087), (2080, 1140), (2029, 1109), (2000, 1146), (1948, 1181), (1878, 1194), (1828, 1146), (1854, 1105), (1881, 1048), (1822, 1003), (1775, 978), (1800, 919), (1748, 883), (1703, 859), (1675, 822), (1678, 770), (1741, 755), (1765, 812), (1827, 785), (1843, 751), (1802, 701), (1802, 670), (1796, 625), (1775, 616), (1721, 635), (1687, 571), (1693, 535), (1641, 490), (1614, 541), (1607, 566), (1531, 561), (1533, 599), (1553, 623), (1550, 672), (1508, 709), (1462, 660), (1438, 693), (1412, 740), (1452, 796), (1428, 877), (1348, 874), (1328, 914), (1358, 942), (1344, 974), (1298, 980), (1314, 1038), (1248, 1059), (1217, 998), (1178, 933), (1207, 885), (1154, 849), (1215, 818), (1281, 808), (1326, 774), (1284, 738), (1244, 671), (1167, 724), (1147, 662), (1108, 664), (1093, 646), (1046, 667), (1076, 716), (1097, 737), (1101, 794), (1055, 789), (1073, 839), (1049, 887), (1083, 937), (1063, 974), (1029, 1028), (1089, 1057), (1040, 1095), (1034, 1151), (1066, 1149), (1110, 1176), (1163, 1211), (1215, 1231), (1209, 1276), (1247, 1306), (1282, 1302), (1319, 1289), (1384, 1298), (1443, 1315), (1426, 1380), (1403, 1400), (1358, 1430), (1311, 1464), (1301, 1518), (1290, 1571), (1320, 1633), (1376, 1630), (1391, 1644), (1401, 1676), (1393, 1717), (1354, 1751), (1377, 1794), (1388, 1851), (1360, 1890), (1385, 1940), (1397, 1997), (1454, 1989), (1524, 1960), (1549, 2016), (1615, 2034), (1618, 1961), (1672, 1939), (1720, 1943), (1740, 1903), (1776, 1884), (1822, 1905), (1880, 1950), (1924, 1928), (1936, 1909), (2015, 1884), (2076, 1844), (2087, 1764), (2011, 1777), (2005, 1735), (2030, 1699), (2020, 1645), (1985, 1604), (1929, 1569), (1974, 1535), (2027, 1505), (2039, 1434), (2088, 1456), (2153, 1415), (2173, 1362), (2201, 1316), (2255, 1314), (2315, 1301), (2332, 1356), (2337, 1416), (2291, 1468), (2309, 1505), (2286, 1578), (2312, 1649), (2245, 1672), (2261, 1728), (2264, 1770), (2290, 1814), (2337, 1860), (2291, 1881), (2281, 1906), (2245, 1918), (2241, 1929), (2263, 1962), (2237, 1969), (2253, 2009), (2293, 2068), (2327, 2104), (2313, 2135), (2329, 2178), (2377, 2165), (2429, 2167), (2437, 2204), (2468, 2244), (2433, 2309), (2496, 2335), (2451, 2408), (2427, 2432), (2408, 2449), (2364, 2460), (2330, 2497), (2271, 2451), (2263, 2379), (2305, 2383), (2339, 2375), (2320, 2311), (2312, 2257), (2271, 2240), (2227, 2239), (2245, 2163), (2189, 2151), (2165, 2097), (2113, 2131), (2059, 2138), (2022, 2130), (1965, 2134), (1978, 2080), (1982, 2031), (1930, 2027), (1885, 2070), (1856, 2135), (1828, 2116), (1828, 2154), (1837, 2181), (1863, 2206), (1906, 2217), (1921, 2265), (2002, 2264), (1981, 2326), (1972, 2370), (1993, 2400), (2014, 2426), (2026, 2474), (1954, 2482), (1888, 2485), (1887, 2447), (1880, 2439), (1843, 2395), (1822, 2457), (1784, 2480), (1767, 2409), (1732, 2362), (1666, 2374), (1673, 2321), (1642, 2263), (1589, 2331), (1541, 2296), (1469, 2308), (1424, 2349), (1394, 2322), (1412, 2252), (1362, 2197), (1329, 2246), (1289, 2204), (1256, 2185), (1219, 2180), (1192, 2261), (1125, 2316), (1076, 2385), (1143, 2399), (1206, 2402), (1200, 2451), (1173, 2480), (1133, 2494), (1072, 2497), (978, 2489), (956, 2418), (909, 2424), (883, 2469), (856, 2476), (800, 2445), (820, 2396), (848, 2385), (902, 2350), (854, 2313), (851, 2268), (911, 2234), (893, 2177), (810, 2173), (795, 2092), (815, 2070), (851, 2092), (899, 2062), (892, 2014), (845, 1963), (813, 2010), (782, 1997), (743, 2011), (721, 2014), (690, 1997), (654, 1968), (657, 1920), (614, 1895), (647, 1838), (703, 1844), (702, 1881), (738, 1894), (787, 1887), (844, 1829), (802, 1741), (848, 1708), (881, 1683), (916, 1740), (978, 1715), (952, 1664), (957, 1631), (983, 1586), (940, 1539), (889, 1474), (860, 1517), (837, 1508), (813, 1525), (779, 1503), (722, 1468), (692, 1525), (729, 1580), (690, 1621), (627, 1555), (569, 1569), (493, 1570), (443, 1527), (403, 1547), (357, 1544), (326, 1530), (293, 1487), (230, 1529), (189, 1605), (129, 1620), (118, 1579), (105, 1532), (52, 1514), (3, 1525), (9, 1633), (14, 1735), (85, 1723), (121, 1762), (177, 1757), (191, 1812), (229, 1792), (265, 1795), (293, 1836), (231, 1868), (224, 1925), (290, 1936), (347, 1882), (411, 1927), (478, 1920), (459, 1864), (540, 1869), (554, 1855), (517, 1781), (494, 1712), (548, 1665), (591, 1706), (590, 1732)]

| BFS | Average Time: 0.0012720584869384765 | Path Length: 50
[(2122, 76), (2084, 96), (2059, 140), (1989, 159), (1995, 201), (1974, 260), (1921, 310), (1866, 355), (1892, 421), (1827, 461), (1783, 406), (1724, 421), (1687, 423), (1654, 438), (1641, 490), (1602, 522), (1607, 566), (1563, 594), (1553, 623), (1550, 672), (1535, 712), (1512, 733), (1433, 724), (1384, 740), (1326, 774), (1281, 808), (1215, 818), (1207, 885), (1178, 933), (1149, 991), (1217, 998), (1203, 1066), (1154, 1096), (1158, 1135), (1167, 1204), (1159, 1226), (1100, 1258), (1041, 1299), (964, 1320), (931, 1354), (907, 1422), (888, 1482), (856, 1518), (813, 1525), (779, 1503), (735, 1530), (729, 1580), (690, 1621), (659, 1695), (590, 1732)]

| Best-First | Average Time: 0.010772895812988282 | Path Length: 102
[(2122, 76), (2084, 96), (2059, 140), (1989, 159), (1969, 95), (1945, 52), (1889, 92), (1870, 132), (1811, 144), (1796, 191), (1813, 201), (1835, 249), (1882, 290), (1899, 304), (1866, 355), (1892, 421), (1865, 457), (1827, 493), (1869, 535), (1895, 590), (1900, 632), (1905, 694), (1859, 717), (1839, 728), (1798, 713), (1771, 701), (1741, 755), (1726, 795), (1695, 836), (1703, 859), (1748, 883), (1789, 922), (1775, 978), (1822, 1003), (1848, 1020), (1881, 1048), (1854, 1105), (1828, 1146), (1798, 1160), (1778, 1196), (1765, 1231), (1720, 1195), (1664, 1196), (1616, 1219), (1563, 1244), (1558, 1267), (1515, 1275), (1522, 1311), (1584, 1334), (1590, 1366), (1594, 1396), (1542, 1418), (1539, 1478), (1509, 1509), (1518, 1540), (1568, 1563), (1568, 1615), (1572, 1664), (1564, 1698), (1543, 1711), (1498, 1676), (1462, 1690), (1401, 1676), (1393, 1717), (1365, 1733), (1333, 1761), (1310, 1790), (1289, 1814), (1242, 1839), (1207, 1865), (1206, 1896), (1191, 1941), (1155, 1909), (1137, 1879), (1140, 1845), (1123, 1822), (1083, 1803), (1042, 1833), (1015, 1787), (992, 1751), (978, 1715), (981, 1676), (1020, 1650), (1025, 1632), (983, 1586), (940, 1539), (901, 1541), (860, 1517), (837, 1508), (813, 1525), (779, 1503), (735, 1530), (692, 1525), (660, 1517), (627, 1555), (586, 1560), (534, 1553), (493, 1570), (489, 1631), (548, 1665), (598, 1675), (590, 1732)]

| A* | Average Time: 0.006236219406127929 | Path Length: 52
[(2122, 76), (2084, 96), (2044, 141), (1989, 159), (1995, 201), (1974, 260), (1921, 310), (1958, 362), (1964, 393), (1963, 462), (1988, 533), (1968, 587), (1937, 608), (1900, 632), (1871, 692), (1839, 728), (1843, 751), (1827, 785), (1765, 812), (1748, 883), (1720, 922), (1648, 953), (1616, 995), (1580, 1010), (1562, 1045), (1529, 1047), (1483, 1058), (1472, 1110), (1423, 1130), (1363, 1126), (1318, 1107), (1256, 1097), (1203, 1066), (1151, 1126), (1110, 1176), (1163, 1211), (1159, 1226), (1100, 1258), (1041, 1299), (964, 1320), (931, 1354), (907, 1422), (865, 1449), (841, 1475), (837, 1508), (813, 1525), (779, 1503), (735, 1530), (728, 1589), (690, 1621), (659, 1695), (590, 1732)]

| A (Manhattan) | Average Time: 0.0009570598602294921 | Path Length: 52
[(2122, 76), (2084, 96), (2044, 141), (1989, 159), (1995, 201), (1974, 260), (1921, 310), (1866, 355), (1892, 421), (1827, 461), (1760, 427), (1724, 421), (1679, 433), (1654, 438), (1641, 490), (1602, 522), (1540, 526), (1520, 546), (1478, 557), (1463, 607), (1461, 637), (1450, 669), (1438, 693), (1412, 740), (1384, 740), (1326, 774), (1281, 808), (1216, 791), (1151, 780), (1101, 794), (1089, 820), (1073, 839), (1049, 887), (1016, 899), (986, 934), (963, 986), (902, 995), (818, 1046), (815, 1119), (826, 1177), (859, 1237), (835, 1249), (777, 1292), (807, 1349), (783, 1401), (781, 1455), (722, 1468), (735, 1530), (728, 1589), (690, 1621), (659, 1695), (590, 1732)]

| A (10 * Euclidian) | Average Time: 0.0007739543914794921 | Path Length: 55
[(2122, 76), (2106, 123), (2078, 158), (2044, 141), (1989, 159), (1995, 201), (1974, 260), (1921, 310), (1866, 355), (1892, 421), (1827, 461), (1760, 427), (1702, 408), (1679, 433), (1654, 438), (1641, 490), (1614, 541), (1607, 566), (1563, 594), (1553, 623), (1550, 672), (1508, 709), (1512, 733), (1433, 724), (1384, 740), (1326, 774), (1281, 808), (1215, 818), (1207, 885), (1178, 933), (1149, 991), (1083, 937), (1063, 974), (1029, 1028), (1053, 1068), (1040, 1095), (1034, 1151), (1066, 1149), (1110, 1176), (1163, 1211), (1159, 1226), (1100, 1258), (1041, 1299), (964, 1320), (931, 1354), (907, 1422), (888, 1482), (856, 1518), (813, 1525), (779, 1503), (735, 1530), (728, 1589), (690, 1621), (659, 1695), (590, 1732)]

