| Graph | V = 500 | K = 7 |
| Start: (16, 20) | End: (40, 369) |

| DFS | Average Time: 0.0003653526306152344 | Path Length: 26
[(16, 20), (4, 58), (32, 77), (48, 61), (78, 64), (91, 69), (113, 95), (87, 115), (85, 141), (59, 130), (34, 117), (10, 129), (5, 151), (19, 174), (63, 168), (76, 200), (99, 224), (86, 249), (60, 250), (55, 274), (13, 276), (20, 302), (67, 320), (66, 346), (56, 371), (40, 369)]

| BFS | Average Time: 0.00012421607971191406 | Path Length: 13
[(16, 20), (4, 58), (12, 80), (36, 91), (34, 117), (23, 128), (5, 151), (19, 174), (9, 210), (19, 264), (20, 302), (49, 340), (40, 369)]

| Best-First | Average Time: 0.0011823654174804687 | Path Length: 43
[(16, 20), (31, 30), (48, 61), (44, 71), (36, 91), (34, 117), (52, 133), (76, 146), (95, 139), (115, 130), (117, 113), (132, 89), (151, 67), (160, 55), (187, 52), (204, 37), (226, 35), (231, 48), (218, 64), (213, 77), (235, 94), (250, 115), (264, 128), (279, 154), (267, 179), (259, 182), (263, 209), (264, 238), (254, 262), (247, 265), (240, 285), (226, 306), (230, 334), (213, 351), (211, 377), (189, 391), (168, 382), (146, 371), (124, 390), (97, 383), (70, 385), (56, 371), (40, 369)]

| A* | Average Time: 0.00044903755187988283 | Path Length: 15
[(16, 20), (4, 58), (12, 80), (36, 91), (34, 117), (39, 139), (49, 148), (63, 168), (76, 200), (64, 225), (60, 250), (55, 274), (52, 306), (49, 340), (40, 369)]

| A (Manhattan) | Average Time: 0.0004154682159423828 | Path Length: 14
[(16, 20), (31, 30), (48, 61), (44, 71), (36, 91), (34, 117), (23, 128), (5, 151), (19, 174), (9, 210), (19, 264), (20, 302), (49, 340), (40, 369)]

| A (10 * Euclidian) | Average Time: 0.000292205810546875 | Path Length: 15
[(16, 20), (4, 58), (12, 80), (36, 91), (34, 117), (39, 139), (49, 148), (63, 168), (76, 200), (64, 225), (76, 256), (55, 274), (52, 306), (49, 340), (40, 369)]

