| Graph | V = 500 | K = 3 |
| Start: (295, 456) | End: (226, 175) |

| DFS | Average Time: 3.9243698120117186e-05 | Path Length: 31
[(295, 456), (320, 472), (313, 482), (295, 499), (271, 478), (248, 500), (227, 484), (230, 463), (244, 451), (262, 439), (278, 430), (276, 414), (266, 389), (292, 387), (305, 376), (304, 371), (293, 356), (304, 345), (286, 327), (271, 326), (246, 300), (251, 274), (262, 264), (253, 249), (253, 225), (254, 208), (249, 200), (240, 193), (242, 181), (230, 186), (226, 175)]

| BFS | Average Time: 0.00010004043579101563 | Path Length: 20
[(295, 456), (279, 432), (276, 414), (266, 389), (266, 366), (293, 356), (304, 345), (286, 327), (271, 326), (246, 300), (251, 274), (262, 264), (253, 249), (253, 225), (254, 208), (249, 200), (240, 193), (244, 184), (230, 186), (226, 175)]

| Best-First | Average Time: 0.0006341934204101562 | Path Length: 42
[(295, 456), (312, 446), (326, 441), (337, 432), (342, 424), (351, 416), (362, 402), (368, 399), (359, 382), (365, 372), (369, 357), (360, 357), (355, 336), (331, 336), (338, 357), (325, 364), (322, 381), (315, 389), (306, 394), (292, 387), (277, 380), (266, 366), (293, 356), (304, 345), (286, 327), (271, 326), (245, 344), (228, 333), (214, 318), (212, 299), (212, 284), (229, 273), (251, 274), (262, 264), (253, 249), (253, 225), (254, 208), (249, 200), (240, 193), (244, 184), (230, 186), (226, 175)]

| A* | Average Time: 0.00043997764587402346 | Path Length: 20
[(295, 456), (279, 432), (276, 414), (266, 389), (266, 366), (293, 356), (304, 345), (286, 327), (271, 326), (246, 300), (251, 274), (262, 264), (253, 249), (253, 225), (254, 208), (249, 200), (240, 193), (242, 181), (230, 186), (226, 175)]

| A (Manhattan) | Average Time: 0.0002555370330810547 | Path Length: 20
[(295, 456), (279, 432), (276, 414), (266, 389), (266, 366), (293, 356), (304, 345), (286, 327), (271, 326), (246, 300), (251, 274), (262, 264), (253, 249), (253, 225), (254, 208), (249, 200), (240, 193), (242, 181), (230, 186), (226, 175)]

| A (10 * Euclidian) | Average Time: 0.00019931793212890625 | Path Length: 20
[(295, 456), (279, 432), (276, 414), (266, 389), (266, 366), (293, 356), (304, 345), (286, 327), (271, 326), (246, 300), (251, 274), (262, 264), (253, 249), (253, 225), (254, 208), (249, 200), (240, 193), (242, 181), (230, 186), (226, 175)]

