| Graph | V = 500 | K = 5 |
| Start: (74, 118) | End: (275, 195) |

| DFS | Average Time: 0.0002414226531982422 | Path Length: 24
[(74, 118), (53, 126), (46, 148), (53, 171), (61, 201), (42, 226), (65, 239), (69, 244), (94, 249), (80, 277), (96, 302), (112, 298), (140, 299), (134, 272), (153, 254), (170, 235), (149, 216), (158, 198), (171, 181), (202, 181), (225, 161), (250, 177), (273, 188), (275, 195)]

| BFS | Average Time: 8.625984191894532e-05 | Path Length: 11
[(74, 118), (81, 108), (99, 114), (113, 131), (125, 166), (142, 168), (171, 181), (202, 181), (229, 192), (251, 187), (275, 195)]

| Best-First | Average Time: 0.0008755683898925781 | Path Length: 22
[(74, 118), (74, 101), (54, 90), (58, 71), (81, 63), (86, 62), (107, 75), (121, 69), (139, 60), (154, 70), (172, 77), (186, 87), (186, 103), (171, 118), (169, 135), (156, 157), (180, 176), (202, 181), (226, 179), (250, 177), (251, 187), (275, 195)]

| A* | Average Time: 0.00021390914916992189 | Path Length: 11
[(74, 118), (81, 108), (99, 114), (113, 131), (125, 166), (142, 168), (171, 181), (202, 181), (229, 192), (251, 187), (275, 195)]

| A (Manhattan) | Average Time: 0.0001461505889892578 | Path Length: 12
[(74, 118), (81, 108), (99, 114), (113, 131), (125, 166), (142, 168), (171, 181), (202, 181), (229, 192), (247, 193), (273, 188), (275, 195)]

| A (10 * Euclidian) | Average Time: 0.00015535354614257813 | Path Length: 11
[(74, 118), (81, 108), (99, 114), (113, 131), (125, 166), (156, 157), (180, 176), (202, 181), (229, 192), (251, 187), (275, 195)]

